{
 "cells": [
  {
   "cell_type": "code",
   "execution_count": 15,
   "metadata": {},
   "outputs": [],
   "source": [
    "import numpy as np\n",
    "import pandas as pd\n",
    "from pandas_datareader import data as wb\n",
    "import matplotlib.pyplot as plt"
   ]
  },
  {
   "cell_type": "markdown",
   "metadata": {},
   "source": [
    "# Add in Stocks for analysis"
   ]
  },
  {
   "cell_type": "code",
   "execution_count": 16,
   "metadata": {},
   "outputs": [],
   "source": [
    "start = '2015-11-1'\n",
    "end = '2019-11-1'"
   ]
  },
  {
   "cell_type": "code",
   "execution_count": 17,
   "metadata": {},
   "outputs": [],
   "source": [
    "nyse = ['COF', 'RY', 'BAC', 'CIT', 'C','JPM','WFC','USB','XLF','^NYA']\n",
    "nyse_pf = pd.DataFrame()\n",
    "for t in nyse:\n",
    "    nyse_pf[t] = wb.DataReader(t, data_source='yahoo', start=start, end=end )['Adj Close']   \n"
   ]
  },
  {
   "cell_type": "code",
   "execution_count": 18,
   "metadata": {},
   "outputs": [
    {
     "data": {
      "text/html": [
       "<div>\n",
       "<style scoped>\n",
       "    .dataframe tbody tr th:only-of-type {\n",
       "        vertical-align: middle;\n",
       "    }\n",
       "\n",
       "    .dataframe tbody tr th {\n",
       "        vertical-align: top;\n",
       "    }\n",
       "\n",
       "    .dataframe thead th {\n",
       "        text-align: right;\n",
       "    }\n",
       "</style>\n",
       "<table border=\"1\" class=\"dataframe\">\n",
       "  <thead>\n",
       "    <tr style=\"text-align: right;\">\n",
       "      <th></th>\n",
       "      <th>COF</th>\n",
       "      <th>RY</th>\n",
       "      <th>BAC</th>\n",
       "      <th>CIT</th>\n",
       "      <th>C</th>\n",
       "      <th>JPM</th>\n",
       "      <th>WFC</th>\n",
       "      <th>USB</th>\n",
       "      <th>XLF</th>\n",
       "      <th>^NYA</th>\n",
       "    </tr>\n",
       "    <tr>\n",
       "      <th>Date</th>\n",
       "      <th></th>\n",
       "      <th></th>\n",
       "      <th></th>\n",
       "      <th></th>\n",
       "      <th></th>\n",
       "      <th></th>\n",
       "      <th></th>\n",
       "      <th></th>\n",
       "      <th></th>\n",
       "      <th></th>\n",
       "    </tr>\n",
       "  </thead>\n",
       "  <tbody>\n",
       "    <tr>\n",
       "      <td>2015-11-02</td>\n",
       "      <td>73.117867</td>\n",
       "      <td>47.992222</td>\n",
       "      <td>15.917968</td>\n",
       "      <td>39.740135</td>\n",
       "      <td>50.010738</td>\n",
       "      <td>58.668331</td>\n",
       "      <td>47.942196</td>\n",
       "      <td>38.450550</td>\n",
       "      <td>14.131503</td>\n",
       "      <td>10579.870117</td>\n",
       "    </tr>\n",
       "    <tr>\n",
       "      <td>2015-11-03</td>\n",
       "      <td>73.719437</td>\n",
       "      <td>48.952904</td>\n",
       "      <td>16.029936</td>\n",
       "      <td>38.452255</td>\n",
       "      <td>50.317318</td>\n",
       "      <td>58.883167</td>\n",
       "      <td>48.012115</td>\n",
       "      <td>38.549862</td>\n",
       "      <td>14.154658</td>\n",
       "      <td>10609.919922</td>\n",
       "    </tr>\n",
       "    <tr>\n",
       "      <td>2015-11-04</td>\n",
       "      <td>73.418663</td>\n",
       "      <td>48.649529</td>\n",
       "      <td>15.871314</td>\n",
       "      <td>38.949009</td>\n",
       "      <td>50.010738</td>\n",
       "      <td>58.945831</td>\n",
       "      <td>48.034115</td>\n",
       "      <td>38.477634</td>\n",
       "      <td>14.114133</td>\n",
       "      <td>10563.959961</td>\n",
       "    </tr>\n",
       "    <tr>\n",
       "      <td>2015-11-05</td>\n",
       "      <td>72.869041</td>\n",
       "      <td>48.961334</td>\n",
       "      <td>16.151232</td>\n",
       "      <td>39.123787</td>\n",
       "      <td>50.308029</td>\n",
       "      <td>59.473976</td>\n",
       "      <td>48.280533</td>\n",
       "      <td>38.486668</td>\n",
       "      <td>14.172027</td>\n",
       "      <td>10548.360352</td>\n",
       "    </tr>\n",
       "    <tr>\n",
       "      <td>2015-11-06</td>\n",
       "      <td>74.581985</td>\n",
       "      <td>48.548405</td>\n",
       "      <td>16.748386</td>\n",
       "      <td>39.813728</td>\n",
       "      <td>51.905994</td>\n",
       "      <td>61.282158</td>\n",
       "      <td>49.151798</td>\n",
       "      <td>39.470718</td>\n",
       "      <td>14.316757</td>\n",
       "      <td>10513.360352</td>\n",
       "    </tr>\n",
       "    <tr>\n",
       "      <td>...</td>\n",
       "      <td>...</td>\n",
       "      <td>...</td>\n",
       "      <td>...</td>\n",
       "      <td>...</td>\n",
       "      <td>...</td>\n",
       "      <td>...</td>\n",
       "      <td>...</td>\n",
       "      <td>...</td>\n",
       "      <td>...</td>\n",
       "      <td>...</td>\n",
       "    </tr>\n",
       "    <tr>\n",
       "      <td>2019-10-28</td>\n",
       "      <td>94.780357</td>\n",
       "      <td>81.169998</td>\n",
       "      <td>31.840000</td>\n",
       "      <td>44.071648</td>\n",
       "      <td>73.067719</td>\n",
       "      <td>126.510002</td>\n",
       "      <td>51.160381</td>\n",
       "      <td>57.020000</td>\n",
       "      <td>28.790001</td>\n",
       "      <td>13186.429688</td>\n",
       "    </tr>\n",
       "    <tr>\n",
       "      <td>2019-10-29</td>\n",
       "      <td>94.073265</td>\n",
       "      <td>80.910004</td>\n",
       "      <td>32.070000</td>\n",
       "      <td>44.498276</td>\n",
       "      <td>72.571266</td>\n",
       "      <td>126.430000</td>\n",
       "      <td>51.675449</td>\n",
       "      <td>57.340000</td>\n",
       "      <td>28.860001</td>\n",
       "      <td>13209.629883</td>\n",
       "    </tr>\n",
       "    <tr>\n",
       "      <td>2019-10-30</td>\n",
       "      <td>94.142975</td>\n",
       "      <td>80.949997</td>\n",
       "      <td>31.620001</td>\n",
       "      <td>43.863293</td>\n",
       "      <td>72.452126</td>\n",
       "      <td>125.730003</td>\n",
       "      <td>51.536777</td>\n",
       "      <td>57.119999</td>\n",
       "      <td>28.840000</td>\n",
       "      <td>13244.009766</td>\n",
       "    </tr>\n",
       "    <tr>\n",
       "      <td>2019-10-31</td>\n",
       "      <td>92.868217</td>\n",
       "      <td>80.660004</td>\n",
       "      <td>31.270000</td>\n",
       "      <td>42.553646</td>\n",
       "      <td>71.349998</td>\n",
       "      <td>124.919998</td>\n",
       "      <td>51.140572</td>\n",
       "      <td>57.020000</td>\n",
       "      <td>28.700001</td>\n",
       "      <td>13171.809570</td>\n",
       "    </tr>\n",
       "    <tr>\n",
       "      <td>2019-11-01</td>\n",
       "      <td>94.860031</td>\n",
       "      <td>81.150002</td>\n",
       "      <td>31.799999</td>\n",
       "      <td>42.761997</td>\n",
       "      <td>73.839996</td>\n",
       "      <td>127.800003</td>\n",
       "      <td>51.685356</td>\n",
       "      <td>57.580002</td>\n",
       "      <td>29.120001</td>\n",
       "      <td>13300.269531</td>\n",
       "    </tr>\n",
       "  </tbody>\n",
       "</table>\n",
       "<p>1008 rows × 10 columns</p>\n",
       "</div>"
      ],
      "text/plain": [
       "                  COF         RY        BAC        CIT          C         JPM  \\\n",
       "Date                                                                            \n",
       "2015-11-02  73.117867  47.992222  15.917968  39.740135  50.010738   58.668331   \n",
       "2015-11-03  73.719437  48.952904  16.029936  38.452255  50.317318   58.883167   \n",
       "2015-11-04  73.418663  48.649529  15.871314  38.949009  50.010738   58.945831   \n",
       "2015-11-05  72.869041  48.961334  16.151232  39.123787  50.308029   59.473976   \n",
       "2015-11-06  74.581985  48.548405  16.748386  39.813728  51.905994   61.282158   \n",
       "...               ...        ...        ...        ...        ...         ...   \n",
       "2019-10-28  94.780357  81.169998  31.840000  44.071648  73.067719  126.510002   \n",
       "2019-10-29  94.073265  80.910004  32.070000  44.498276  72.571266  126.430000   \n",
       "2019-10-30  94.142975  80.949997  31.620001  43.863293  72.452126  125.730003   \n",
       "2019-10-31  92.868217  80.660004  31.270000  42.553646  71.349998  124.919998   \n",
       "2019-11-01  94.860031  81.150002  31.799999  42.761997  73.839996  127.800003   \n",
       "\n",
       "                  WFC        USB        XLF          ^NYA  \n",
       "Date                                                       \n",
       "2015-11-02  47.942196  38.450550  14.131503  10579.870117  \n",
       "2015-11-03  48.012115  38.549862  14.154658  10609.919922  \n",
       "2015-11-04  48.034115  38.477634  14.114133  10563.959961  \n",
       "2015-11-05  48.280533  38.486668  14.172027  10548.360352  \n",
       "2015-11-06  49.151798  39.470718  14.316757  10513.360352  \n",
       "...               ...        ...        ...           ...  \n",
       "2019-10-28  51.160381  57.020000  28.790001  13186.429688  \n",
       "2019-10-29  51.675449  57.340000  28.860001  13209.629883  \n",
       "2019-10-30  51.536777  57.119999  28.840000  13244.009766  \n",
       "2019-10-31  51.140572  57.020000  28.700001  13171.809570  \n",
       "2019-11-01  51.685356  57.580002  29.120001  13300.269531  \n",
       "\n",
       "[1008 rows x 10 columns]"
      ]
     },
     "execution_count": 18,
     "metadata": {},
     "output_type": "execute_result"
    }
   ],
   "source": [
    "nyse_pf"
   ]
  },
  {
   "cell_type": "code",
   "execution_count": 19,
   "metadata": {},
   "outputs": [],
   "source": [
    "returns = np.log( nyse_pf / nyse_pf.shift(1) )"
   ]
  },
  {
   "cell_type": "code",
   "execution_count": 20,
   "metadata": {},
   "outputs": [
    {
     "data": {
      "text/html": [
       "<div>\n",
       "<style scoped>\n",
       "    .dataframe tbody tr th:only-of-type {\n",
       "        vertical-align: middle;\n",
       "    }\n",
       "\n",
       "    .dataframe tbody tr th {\n",
       "        vertical-align: top;\n",
       "    }\n",
       "\n",
       "    .dataframe thead th {\n",
       "        text-align: right;\n",
       "    }\n",
       "</style>\n",
       "<table border=\"1\" class=\"dataframe\">\n",
       "  <thead>\n",
       "    <tr style=\"text-align: right;\">\n",
       "      <th></th>\n",
       "      <th>COF</th>\n",
       "      <th>RY</th>\n",
       "      <th>BAC</th>\n",
       "      <th>CIT</th>\n",
       "      <th>C</th>\n",
       "      <th>JPM</th>\n",
       "      <th>WFC</th>\n",
       "      <th>USB</th>\n",
       "      <th>XLF</th>\n",
       "      <th>^NYA</th>\n",
       "    </tr>\n",
       "  </thead>\n",
       "  <tbody>\n",
       "    <tr>\n",
       "      <td>COF</td>\n",
       "      <td>0.060595</td>\n",
       "      <td>0.019827</td>\n",
       "      <td>0.048804</td>\n",
       "      <td>0.041224</td>\n",
       "      <td>0.045897</td>\n",
       "      <td>0.039374</td>\n",
       "      <td>0.035741</td>\n",
       "      <td>0.032088</td>\n",
       "      <td>0.035046</td>\n",
       "      <td>0.021299</td>\n",
       "    </tr>\n",
       "    <tr>\n",
       "      <td>RY</td>\n",
       "      <td>0.019827</td>\n",
       "      <td>0.024902</td>\n",
       "      <td>0.022785</td>\n",
       "      <td>0.019562</td>\n",
       "      <td>0.024162</td>\n",
       "      <td>0.019467</td>\n",
       "      <td>0.017269</td>\n",
       "      <td>0.015938</td>\n",
       "      <td>0.016888</td>\n",
       "      <td>0.013982</td>\n",
       "    </tr>\n",
       "    <tr>\n",
       "      <td>BAC</td>\n",
       "      <td>0.048804</td>\n",
       "      <td>0.022785</td>\n",
       "      <td>0.067604</td>\n",
       "      <td>0.046381</td>\n",
       "      <td>0.057467</td>\n",
       "      <td>0.048939</td>\n",
       "      <td>0.042908</td>\n",
       "      <td>0.038271</td>\n",
       "      <td>0.040825</td>\n",
       "      <td>0.023219</td>\n",
       "    </tr>\n",
       "    <tr>\n",
       "      <td>CIT</td>\n",
       "      <td>0.041224</td>\n",
       "      <td>0.019562</td>\n",
       "      <td>0.046381</td>\n",
       "      <td>0.064854</td>\n",
       "      <td>0.045336</td>\n",
       "      <td>0.035992</td>\n",
       "      <td>0.033412</td>\n",
       "      <td>0.030819</td>\n",
       "      <td>0.032526</td>\n",
       "      <td>0.020852</td>\n",
       "    </tr>\n",
       "    <tr>\n",
       "      <td>C</td>\n",
       "      <td>0.045897</td>\n",
       "      <td>0.024162</td>\n",
       "      <td>0.057467</td>\n",
       "      <td>0.045336</td>\n",
       "      <td>0.063670</td>\n",
       "      <td>0.046586</td>\n",
       "      <td>0.040549</td>\n",
       "      <td>0.035542</td>\n",
       "      <td>0.038997</td>\n",
       "      <td>0.023982</td>\n",
       "    </tr>\n",
       "    <tr>\n",
       "      <td>JPM</td>\n",
       "      <td>0.039374</td>\n",
       "      <td>0.019467</td>\n",
       "      <td>0.048939</td>\n",
       "      <td>0.035992</td>\n",
       "      <td>0.046586</td>\n",
       "      <td>0.043789</td>\n",
       "      <td>0.034784</td>\n",
       "      <td>0.031535</td>\n",
       "      <td>0.033731</td>\n",
       "      <td>0.019741</td>\n",
       "    </tr>\n",
       "    <tr>\n",
       "      <td>WFC</td>\n",
       "      <td>0.035741</td>\n",
       "      <td>0.017269</td>\n",
       "      <td>0.042908</td>\n",
       "      <td>0.033412</td>\n",
       "      <td>0.040549</td>\n",
       "      <td>0.034784</td>\n",
       "      <td>0.045820</td>\n",
       "      <td>0.029610</td>\n",
       "      <td>0.031689</td>\n",
       "      <td>0.017728</td>\n",
       "    </tr>\n",
       "    <tr>\n",
       "      <td>USB</td>\n",
       "      <td>0.032088</td>\n",
       "      <td>0.015938</td>\n",
       "      <td>0.038271</td>\n",
       "      <td>0.030819</td>\n",
       "      <td>0.035542</td>\n",
       "      <td>0.031535</td>\n",
       "      <td>0.029610</td>\n",
       "      <td>0.031966</td>\n",
       "      <td>0.027376</td>\n",
       "      <td>0.016439</td>\n",
       "    </tr>\n",
       "    <tr>\n",
       "      <td>XLF</td>\n",
       "      <td>0.035046</td>\n",
       "      <td>0.016888</td>\n",
       "      <td>0.040825</td>\n",
       "      <td>0.032526</td>\n",
       "      <td>0.038997</td>\n",
       "      <td>0.033731</td>\n",
       "      <td>0.031689</td>\n",
       "      <td>0.027376</td>\n",
       "      <td>0.047455</td>\n",
       "      <td>0.018541</td>\n",
       "    </tr>\n",
       "    <tr>\n",
       "      <td>^NYA</td>\n",
       "      <td>0.021299</td>\n",
       "      <td>0.013982</td>\n",
       "      <td>0.023219</td>\n",
       "      <td>0.020852</td>\n",
       "      <td>0.023982</td>\n",
       "      <td>0.019741</td>\n",
       "      <td>0.017728</td>\n",
       "      <td>0.016439</td>\n",
       "      <td>0.018541</td>\n",
       "      <td>0.015277</td>\n",
       "    </tr>\n",
       "  </tbody>\n",
       "</table>\n",
       "</div>"
      ],
      "text/plain": [
       "           COF        RY       BAC       CIT         C       JPM       WFC  \\\n",
       "COF   0.060595  0.019827  0.048804  0.041224  0.045897  0.039374  0.035741   \n",
       "RY    0.019827  0.024902  0.022785  0.019562  0.024162  0.019467  0.017269   \n",
       "BAC   0.048804  0.022785  0.067604  0.046381  0.057467  0.048939  0.042908   \n",
       "CIT   0.041224  0.019562  0.046381  0.064854  0.045336  0.035992  0.033412   \n",
       "C     0.045897  0.024162  0.057467  0.045336  0.063670  0.046586  0.040549   \n",
       "JPM   0.039374  0.019467  0.048939  0.035992  0.046586  0.043789  0.034784   \n",
       "WFC   0.035741  0.017269  0.042908  0.033412  0.040549  0.034784  0.045820   \n",
       "USB   0.032088  0.015938  0.038271  0.030819  0.035542  0.031535  0.029610   \n",
       "XLF   0.035046  0.016888  0.040825  0.032526  0.038997  0.033731  0.031689   \n",
       "^NYA  0.021299  0.013982  0.023219  0.020852  0.023982  0.019741  0.017728   \n",
       "\n",
       "           USB       XLF      ^NYA  \n",
       "COF   0.032088  0.035046  0.021299  \n",
       "RY    0.015938  0.016888  0.013982  \n",
       "BAC   0.038271  0.040825  0.023219  \n",
       "CIT   0.030819  0.032526  0.020852  \n",
       "C     0.035542  0.038997  0.023982  \n",
       "JPM   0.031535  0.033731  0.019741  \n",
       "WFC   0.029610  0.031689  0.017728  \n",
       "USB   0.031966  0.027376  0.016439  \n",
       "XLF   0.027376  0.047455  0.018541  \n",
       "^NYA  0.016439  0.018541  0.015277  "
      ]
     },
     "execution_count": 20,
     "metadata": {},
     "output_type": "execute_result"
    }
   ],
   "source": [
    "cov = returns.cov() * 250\n",
    "cov"
   ]
  },
  {
   "cell_type": "code",
   "execution_count": 21,
   "metadata": {},
   "outputs": [
    {
     "data": {
      "text/html": [
       "<div>\n",
       "<style scoped>\n",
       "    .dataframe tbody tr th:only-of-type {\n",
       "        vertical-align: middle;\n",
       "    }\n",
       "\n",
       "    .dataframe tbody tr th {\n",
       "        vertical-align: top;\n",
       "    }\n",
       "\n",
       "    .dataframe thead th {\n",
       "        text-align: right;\n",
       "    }\n",
       "</style>\n",
       "<table border=\"1\" class=\"dataframe\">\n",
       "  <thead>\n",
       "    <tr style=\"text-align: right;\">\n",
       "      <th></th>\n",
       "      <th>COF</th>\n",
       "      <th>RY</th>\n",
       "      <th>BAC</th>\n",
       "      <th>CIT</th>\n",
       "      <th>C</th>\n",
       "      <th>JPM</th>\n",
       "      <th>WFC</th>\n",
       "      <th>USB</th>\n",
       "      <th>XLF</th>\n",
       "      <th>^NYA</th>\n",
       "    </tr>\n",
       "  </thead>\n",
       "  <tbody>\n",
       "    <tr>\n",
       "      <td>COF</td>\n",
       "      <td>1.000000</td>\n",
       "      <td>0.510420</td>\n",
       "      <td>0.762512</td>\n",
       "      <td>0.657607</td>\n",
       "      <td>0.738917</td>\n",
       "      <td>0.764380</td>\n",
       "      <td>0.678308</td>\n",
       "      <td>0.729075</td>\n",
       "      <td>0.653545</td>\n",
       "      <td>0.700033</td>\n",
       "    </tr>\n",
       "    <tr>\n",
       "      <td>RY</td>\n",
       "      <td>0.510420</td>\n",
       "      <td>1.000000</td>\n",
       "      <td>0.555315</td>\n",
       "      <td>0.486770</td>\n",
       "      <td>0.606814</td>\n",
       "      <td>0.589524</td>\n",
       "      <td>0.511241</td>\n",
       "      <td>0.564917</td>\n",
       "      <td>0.491264</td>\n",
       "      <td>0.716840</td>\n",
       "    </tr>\n",
       "    <tr>\n",
       "      <td>BAC</td>\n",
       "      <td>0.762512</td>\n",
       "      <td>0.555315</td>\n",
       "      <td>1.000000</td>\n",
       "      <td>0.700466</td>\n",
       "      <td>0.875923</td>\n",
       "      <td>0.899478</td>\n",
       "      <td>0.770955</td>\n",
       "      <td>0.823265</td>\n",
       "      <td>0.720776</td>\n",
       "      <td>0.722497</td>\n",
       "    </tr>\n",
       "    <tr>\n",
       "      <td>CIT</td>\n",
       "      <td>0.657607</td>\n",
       "      <td>0.486770</td>\n",
       "      <td>0.700466</td>\n",
       "      <td>1.000000</td>\n",
       "      <td>0.705518</td>\n",
       "      <td>0.675400</td>\n",
       "      <td>0.612936</td>\n",
       "      <td>0.676871</td>\n",
       "      <td>0.586315</td>\n",
       "      <td>0.662463</td>\n",
       "    </tr>\n",
       "    <tr>\n",
       "      <td>C</td>\n",
       "      <td>0.738917</td>\n",
       "      <td>0.606814</td>\n",
       "      <td>0.875923</td>\n",
       "      <td>0.705518</td>\n",
       "      <td>1.000000</td>\n",
       "      <td>0.882286</td>\n",
       "      <td>0.750731</td>\n",
       "      <td>0.787819</td>\n",
       "      <td>0.709445</td>\n",
       "      <td>0.768965</td>\n",
       "    </tr>\n",
       "    <tr>\n",
       "      <td>JPM</td>\n",
       "      <td>0.764380</td>\n",
       "      <td>0.589524</td>\n",
       "      <td>0.899478</td>\n",
       "      <td>0.675400</td>\n",
       "      <td>0.882286</td>\n",
       "      <td>1.000000</td>\n",
       "      <td>0.776544</td>\n",
       "      <td>0.842874</td>\n",
       "      <td>0.739963</td>\n",
       "      <td>0.763274</td>\n",
       "    </tr>\n",
       "    <tr>\n",
       "      <td>WFC</td>\n",
       "      <td>0.678308</td>\n",
       "      <td>0.511241</td>\n",
       "      <td>0.770955</td>\n",
       "      <td>0.612936</td>\n",
       "      <td>0.750731</td>\n",
       "      <td>0.776544</td>\n",
       "      <td>1.000000</td>\n",
       "      <td>0.773705</td>\n",
       "      <td>0.679592</td>\n",
       "      <td>0.670063</td>\n",
       "    </tr>\n",
       "    <tr>\n",
       "      <td>USB</td>\n",
       "      <td>0.729075</td>\n",
       "      <td>0.564917</td>\n",
       "      <td>0.823265</td>\n",
       "      <td>0.676871</td>\n",
       "      <td>0.787819</td>\n",
       "      <td>0.842874</td>\n",
       "      <td>0.773705</td>\n",
       "      <td>1.000000</td>\n",
       "      <td>0.702890</td>\n",
       "      <td>0.743909</td>\n",
       "    </tr>\n",
       "    <tr>\n",
       "      <td>XLF</td>\n",
       "      <td>0.653545</td>\n",
       "      <td>0.491264</td>\n",
       "      <td>0.720776</td>\n",
       "      <td>0.586315</td>\n",
       "      <td>0.709445</td>\n",
       "      <td>0.739963</td>\n",
       "      <td>0.679592</td>\n",
       "      <td>0.702890</td>\n",
       "      <td>1.000000</td>\n",
       "      <td>0.688609</td>\n",
       "    </tr>\n",
       "    <tr>\n",
       "      <td>^NYA</td>\n",
       "      <td>0.700033</td>\n",
       "      <td>0.716840</td>\n",
       "      <td>0.722497</td>\n",
       "      <td>0.662463</td>\n",
       "      <td>0.768965</td>\n",
       "      <td>0.763274</td>\n",
       "      <td>0.670063</td>\n",
       "      <td>0.743909</td>\n",
       "      <td>0.688609</td>\n",
       "      <td>1.000000</td>\n",
       "    </tr>\n",
       "  </tbody>\n",
       "</table>\n",
       "</div>"
      ],
      "text/plain": [
       "           COF        RY       BAC       CIT         C       JPM       WFC  \\\n",
       "COF   1.000000  0.510420  0.762512  0.657607  0.738917  0.764380  0.678308   \n",
       "RY    0.510420  1.000000  0.555315  0.486770  0.606814  0.589524  0.511241   \n",
       "BAC   0.762512  0.555315  1.000000  0.700466  0.875923  0.899478  0.770955   \n",
       "CIT   0.657607  0.486770  0.700466  1.000000  0.705518  0.675400  0.612936   \n",
       "C     0.738917  0.606814  0.875923  0.705518  1.000000  0.882286  0.750731   \n",
       "JPM   0.764380  0.589524  0.899478  0.675400  0.882286  1.000000  0.776544   \n",
       "WFC   0.678308  0.511241  0.770955  0.612936  0.750731  0.776544  1.000000   \n",
       "USB   0.729075  0.564917  0.823265  0.676871  0.787819  0.842874  0.773705   \n",
       "XLF   0.653545  0.491264  0.720776  0.586315  0.709445  0.739963  0.679592   \n",
       "^NYA  0.700033  0.716840  0.722497  0.662463  0.768965  0.763274  0.670063   \n",
       "\n",
       "           USB       XLF      ^NYA  \n",
       "COF   0.729075  0.653545  0.700033  \n",
       "RY    0.564917  0.491264  0.716840  \n",
       "BAC   0.823265  0.720776  0.722497  \n",
       "CIT   0.676871  0.586315  0.662463  \n",
       "C     0.787819  0.709445  0.768965  \n",
       "JPM   0.842874  0.739963  0.763274  \n",
       "WFC   0.773705  0.679592  0.670063  \n",
       "USB   1.000000  0.702890  0.743909  \n",
       "XLF   0.702890  1.000000  0.688609  \n",
       "^NYA  0.743909  0.688609  1.000000  "
      ]
     },
     "execution_count": 21,
     "metadata": {},
     "output_type": "execute_result"
    }
   ],
   "source": [
    "corr_matrix = returns.corr()\n",
    "corr_matrix"
   ]
  },
  {
   "cell_type": "code",
   "execution_count": 22,
   "metadata": {},
   "outputs": [
    {
     "data": {
      "text/plain": [
       "COF     0.021299\n",
       "RY      0.013982\n",
       "BAC     0.023219\n",
       "CIT     0.020852\n",
       "C       0.023982\n",
       "JPM     0.019741\n",
       "WFC     0.017728\n",
       "USB     0.016439\n",
       "XLF     0.018541\n",
       "^NYA    0.015277\n",
       "Name: ^NYA, dtype: float64"
      ]
     },
     "execution_count": 22,
     "metadata": {},
     "output_type": "execute_result"
    }
   ],
   "source": [
    "cov_with_market = cov.iloc[-1]\n",
    "cov_with_market"
   ]
  },
  {
   "cell_type": "code",
   "execution_count": 23,
   "metadata": {},
   "outputs": [
    {
     "data": {
      "text/plain": [
       "COF     0.021299\n",
       "RY      0.013982\n",
       "BAC     0.023219\n",
       "CIT     0.020852\n",
       "C       0.023982\n",
       "JPM     0.019741\n",
       "WFC     0.017728\n",
       "USB     0.016439\n",
       "XLF     0.018541\n",
       "^NYA    0.015277\n",
       "Name: ^NYA, dtype: float64"
      ]
     },
     "execution_count": 23,
     "metadata": {},
     "output_type": "execute_result"
    }
   ],
   "source": [
    "cov.loc['^NYA']"
   ]
  },
  {
   "cell_type": "code",
   "execution_count": 25,
   "metadata": {},
   "outputs": [
    {
     "data": {
      "text/plain": [
       "0.015276829412456424"
      ]
     },
     "execution_count": 25,
     "metadata": {},
     "output_type": "execute_result"
    }
   ],
   "source": [
    "market_var = returns['^NYA'].var() * 250\n",
    "market_var"
   ]
  },
  {
   "cell_type": "markdown",
   "metadata": {},
   "source": [
    "# Betas"
   ]
  },
  {
   "cell_type": "code",
   "execution_count": 26,
   "metadata": {},
   "outputs": [
    {
     "data": {
      "text/plain": [
       "COF     1.394188\n",
       "RY      0.915213\n",
       "BAC     1.519861\n",
       "CIT     1.364937\n",
       "C       1.569852\n",
       "JPM     1.292247\n",
       "WFC     1.160445\n",
       "USB     1.076088\n",
       "XLF     1.213654\n",
       "^NYA    1.000000\n",
       "Name: ^NYA, dtype: float64"
      ]
     },
     "execution_count": 26,
     "metadata": {},
     "output_type": "execute_result"
    }
   ],
   "source": [
    "betas = cov_with_market / market_var\n",
    "betas"
   ]
  },
  {
   "cell_type": "code",
   "execution_count": 27,
   "metadata": {},
   "outputs": [],
   "source": [
    "rf= 0.03\n",
    "MRP = 0.05"
   ]
  },
  {
   "cell_type": "code",
   "execution_count": 28,
   "metadata": {},
   "outputs": [
    {
     "data": {
      "text/plain": [
       "COF     0.099709\n",
       "RY      0.075761\n",
       "BAC     0.105993\n",
       "CIT     0.098247\n",
       "C       0.108493\n",
       "JPM     0.094612\n",
       "WFC     0.088022\n",
       "USB     0.083804\n",
       "XLF     0.090683\n",
       "^NYA    0.080000\n",
       "Name: ^NYA, dtype: float64"
      ]
     },
     "execution_count": 28,
     "metadata": {},
     "output_type": "execute_result"
    }
   ],
   "source": [
    "E_r = rf+ betas * MRP\n",
    "E_r"
   ]
  },
  {
   "cell_type": "code",
   "execution_count": 46,
   "metadata": {},
   "outputs": [
    {
     "data": {
      "text/plain": [
       "COF     0.283186\n",
       "RY      0.289985\n",
       "BAC     0.292273\n",
       "CIT     0.267988\n",
       "C       0.311071\n",
       "JPM     0.308769\n",
       "WFC     0.271062\n",
       "USB     0.300935\n",
       "XLF     0.278565\n",
       "^NYA    0.404532\n",
       "dtype: float64"
      ]
     },
     "execution_count": 46,
     "metadata": {},
     "output_type": "execute_result"
    }
   ],
   "source": [
    "Sharpe = (E_r - rf) / (returns.std() * 250 ** 0.5)\n",
    "Sharpe"
   ]
  },
  {
   "cell_type": "code",
   "execution_count": 47,
   "metadata": {},
   "outputs": [],
   "source": [
    "universe = ['XLF','JPM','COF','RY','C' ,'^NYA']"
   ]
  },
  {
   "cell_type": "code",
   "execution_count": 48,
   "metadata": {},
   "outputs": [
    {
     "data": {
